1.849999999999999908e-02 5.970779999999999887e+01
1.481000000000000094e-01 4.880250000000000199e+01
2.189000000000000112e-01 4.334960000000000235e+01
2.898999999999999910e-01 3.925930000000000319e+01
4.084999999999999742e-01 3.419380000000000308e+01
4.681000000000000161e-01 3.380219999999999914e+01
6.239000000000000101e-01 3.846770000000000067e+01
8.527000000000000135e-01 5.188940000000000197e+01
1.165999999999999925e+00 7.250979999999999848e+01
1.562400000000000011e+00 8.981799999999999784e+01
1.933699999999999974e+00 9.934130000000000393e+01
2.292300000000000004e+00 1.036094999999999970e+02
2.554800000000000182e+00 1.034047000000000054e+02
2.828800000000000203e+00 1.000849999999999937e+02
3.054800000000000182e+00 9.482070000000000221e+01
3.351700000000000124e+00 8.546609999999999729e+01
3.624099999999999877e+00 7.183020000000000493e+01
3.883999999999999897e+00 5.391250000000000142e+01
4.072400000000000020e+00 3.736019999999999897e+01
4.237400000000000055e+00 2.353379999999999939e+01
4.296400000000000219e+00 1.866540000000000177e+01
4.344000000000000306e+00 1.788489999999999824e+01
4.427900000000000169e+00 2.060670000000000002e+01
4.608699999999999797e+00 3.266779999999999973e+01
4.741399999999999615e+00 4.200569999999999737e+01
4.921299999999999564e+00 4.822740000000000293e+01
5.028999999999999915e+00 5.016969999999999885e+01
5.172200000000000131e+00 4.996949999999999648e+01
5.267500000000000071e+00 4.899249999999999972e+01
5.421999999999999709e+00 4.450959999999999894e+01
5.528599999999999959e+00 3.944460000000000122e+01
5.623300000000000409e+00 3.399080000000000013e+01
5.729499999999999815e+00 2.620080000000000098e+01
5.776299999999999990e+00 1.997030000000000172e+01
5.858999999999999986e+00 1.412759999999999927e+01
5.906200000000000117e+00 1.062209999999999965e+01
5.953999999999999737e+00 1.139889999999999937e+01
6.050399999999999778e+00 1.762379999999999924e+01
6.122799999999999798e+00 2.268179999999999907e+01
6.230999999999999872e+00 2.832239999999999824e+01
6.362599999999999589e+00 3.045840000000000103e+01
6.529099999999999682e+00 2.694829999999999970e+01
6.612000000000000099e+00 2.227349999999999852e+01
6.682800000000000296e+00 1.740459999999999852e+01
6.729899999999999771e+00 1.312049999999999983e+01
6.753000000000000114e+00 8.058799999999999741e+00
6.799900000000000055e+00 2.022899999999999920e+00
6.836199999999999832e+00 5.525100000000000122e+00
6.896700000000000053e+00 1.097289999999999921e+01
