9.799999999999999684e-03 6.430870000000000175e+01
1.630000000000000060e-01 5.273310000000000031e+01
3.411000000000000143e-01 4.083599999999999852e+01
4.408000000000000251e-01 3.729899999999999949e+01
5.298000000000000487e-01 3.665590000000000259e+01
6.223999999999999533e-01 3.954979999999999762e+01
8.539999999999999813e-01 5.176850000000000307e+01
1.039199999999999902e+00 6.302250000000000085e+01
1.334799999999999986e+00 7.877809999999999491e+01
1.520000000000000018e+00 8.649519999999999698e+01
1.712399999999999922e+00 9.196139999999999759e+01
1.929699999999999971e+00 9.614149999999999352e+01
2.079299999999999926e+00 9.807070000000000221e+01
2.250199999999999978e+00 9.871380000000000621e+01
2.421199999999999797e+00 9.774920000000000186e+01
2.602799999999999780e+00 9.678459999999999752e+01
2.766700000000000159e+00 9.389069999999999538e+01
2.909199999999999786e+00 9.067520000000000380e+01
3.087299999999999933e+00 8.424439999999999884e+01
3.272499999999999964e+00 7.684890000000000043e+01
3.429199999999999804e+00 6.881029999999999802e+01
3.614399999999999835e+00 5.755630000000000024e+01
3.756899999999999906e+00 4.694530000000000314e+01
3.910099999999999909e+00 3.311899999999999977e+01
4.016899999999999693e+00 2.572350000000000136e+01
4.081000000000000405e+00 2.186499999999999844e+01
4.130899999999999572e+00 2.122190000000000154e+01
4.202099999999999724e+00 2.186499999999999844e+01
4.248400000000000176e+00 2.540190000000000126e+01
4.316099999999999604e+00 2.861739999999999995e+01
4.397999999999999687e+00 3.472670000000000101e+01
4.519099999999999895e+00 4.115760000000000218e+01
4.675900000000000389e+00 4.662380000000000280e+01
4.818299999999999805e+00 4.919610000000000127e+01
4.971499999999999808e+00 4.887460000000000093e+01
5.124699999999999811e+00 4.533760000000000190e+01
5.252900000000000347e+00 4.051449999999999818e+01
5.363299999999999734e+00 3.408359999999999701e+01
5.448800000000000310e+00 2.765269999999999939e+01
5.548499999999999766e+00 1.993570000000000064e+01
5.641099999999999781e+00 1.350479999999999947e+01
5.698100000000000165e+00 1.286170000000000080e+01
